102023051010490000060013936800016
102023051010490000070002650900003
102023051010490000270000339500000
102023051010490000300008362900008
102023051010490000310000087000000
102023051010490000360000363500000
102023051010490000700000004700000
102023051010490001050000002800000
102023051010490002640000095900000
102023051010490002660000015100000
102023051010490002680000203400000
102023051010490002690000127400000
102023051010490002700000025300000
102023051010490002720000468100000
102023051010490002750000048200000
102023051010490002770000007600000
102023051010490002780000024200000
102023051010490002810000002700000
102023051010490002830000014900000
102023051010490002840000035700000
102023051010490002890000060300000
102023051010490002910000010400000
102023051010490002940000004000000
102023051010490002950000004400000
102023051010490002960000020000000
102023051010490002980000005500000
102023051010490003000000015700000
102023051010490003020000025900000
102023051010490003040000037400000
102023051010490003050000028400000
102023051010490003060000126900000
102023051010490003080000112100000
102023051010490003090000009900000
102023051010490003100000023900000
102023051010490003130000062400000
102023051010490003170000011700000
102023051010490003180000067500000
102023051010490003200000154100000
102023051010490057740001000600000
102023051011190000060017957100014
102023051011190000070004019800000
102023051011190000270000553800000
102023051011190000300016495300014
102023051011190000310000104500000
102023051011190000360000012800000
102023051011190000400003972600001
102023051011190001930000758700000
102023051011190002700000021900000
102023051011190015990000792100000
102023051011190016010000032700000
102023051011190016020000219700000
102023051011190016030000040800000
102023051011190016040000224400000
102023051011190016050000015900000
102023051011190016080000085400000
102023051011190016110000216900000
102023051011190016120001132000000
102023051011190016140000144200000
102023051011190016150000008500000
102023051011190016190000301000000
102023051011190016200000133600000
102023051011190016220000021900000
102023051011190016230001723800002
102023051011190016240000069900000
102023051011190016260000375500000
102023051011190016280000069900000
102023051011190016290000005500000
102023051011190016320000022600000
102023051011190016330000094100000
102023051011190016340000056300000
102023051011190016350000027000000
102023051011190016360000027300000
102023051011190016370000019900000
102023051011190016380000197400000
102023051011190016390000065000000
102023051011190016410000018300000
102023051011190016430000127700000
102023051011190057740000049800000
102023051011190058440001539700000
102023051011190060050002710700000
102023051011490000060016260500013
102023051011490000070002719400001
102023051011490000260000025400000
102023051011490000270000481000000
102023051011490000300011952500011
102023051011490000310000198500000
102023051011490000400000066400000
102023051011490000700000025600000
102023051011490001930000013200000
102023051011490002700000052600000
102023051011490015990000201100000
102023051011490017640000081800000
102023051011490017660000098600000
102023051011490017680000015300000
102023051011490017750000148000000
102023051011490017810000049500000
102023051011490017830000098100000
102023051011490017840000016100000
102023051011490017950000135800000
102023051011490017970000013200000
102023051011490018010000148800000
102023051011490018040000208900000
102023051011490018110000024200000
102023051011490018140000075800000
102023051011490018180000058200000
102023051011490018230000076900000
102023051011490018260000059900000
102023051011490018280000161600000
102023051011490018330000041800000
102023051011490018340000017700000
102023051011490018380000052500000
102023051011490057740005935900002
102023051011490060050000036700000
102023051011890000060017239500014
102023051011890000070002967000001
102023051011890000260000081800000
102023051011890000270000460600000
102023051011890000360000089600000
102023051011890000370000010700000
102023051011890002700000029400000
102023051011890003250000687900000
102023051011890014700000018300000
102023051011890015960015524400011
102023051011890015990000112900000
102023051011890017120000057000000
102023051011890017840000011500000
102023051011890018700000014000000
102023051011890024120000035200000
102023051011890024140000082300000
102023051011890024150000018400000
102023051011890024230000020700000
102023051011890024250000002300000
102023051011890024270000081800000
102023051011890024280000089300000
102023051011890024300000022200000
102023051011890024310000050100000
102023051011890024320000033800000
102023051011890024330000038500000
102023051011890024350000016200000
102023051011890024360000032000000
102023051011890024390000003500000
102023051011890024400000017700000
102023051011890024420000053900000
102023051011890024440000140700000
102023051011890024450000068200000
102023051011890024460000022500000
102023051011890024470000055600000
102023051011890024480000048800000
102023051011890024490000008900000
102023051011890024510000015300000
102023051011890024520000054100000
102023051011890024540000003200000
102023051011890024550000029300000
102023051011890024560000004800000
102023051011890024570000006000000
102023051011890024580000094200000
102023051011890024590000033100000
102023051011890024610000053900000
102023051011890024620000117600000
102023051011890024640000087000000
102023051011890024650000395300000
102023051011890024660000095400000
102023051011890024670000020600000
102023051011890024680000026000000
102023051011890024690000031800000
102023051011890024700000064400000
102023051011890024720000005800000
102023051011890024730000008000000
102023051011890024740000016600000
102023051011890024760000281200000
102023051011890024770000061900000
102023051011890024780000110900000
102023051011890024800000006100000
102023051011890024810000015400000
102023051011890024830000064100000
102023051011890024840000096100000
102023051011890024850000008400000
102023051011890024860000009900000
102023051011890024870000007700000
102023051011890024880000011700000
102023051011890024890000043200000
102023051011890024900000018100000
102023051011890024920000096300000
102023051011890058440000042700000
102023051011890058780003314400001
102023051011890060050000656800000
102023051011890060670000337300000
102023051012190000060009675100014
102023051012190000070001107200001
102023051012190000270000331900000
102023051012190000400000056000000
102023051012190015960009209200011
102023051012190015990000100500000
102023051012190026010000015500000
102023051012190026020000587900000
102023051012190026070000042000000
102023051012190026080000469500000
102023051012190026090000079200000
102023051012190026100000015100000
102023051012190026120000034300000
102023051012190026160000009200000
102023051012190026200000107200000
102023051012190026220000004000000
102023051012190026230000350000000
102023051012190026260000017900000
102023051012190026270000003900000
102023051012190026300000011800000
102023051012190026310000218200000
102023051012190026320000006500000
102023051012190026350000106600000
102023051012190026360000064900000
102023051012190026370000024500000
102023051012190026400000096600000
102023051012190026420000061800000
102023051012190026430000135900000
102023051012190026440000003300000
102023051012190026470000363400000
102023051012190026520000032900000
102023051012190026540000013000000
102023051012190057740001115900001
102023051012190060050000176500000
102023051012390000060013090100012
102023051012390000070001930400000
102023051012390000270000701100000
102023051012390000300014065500015
102023051012390000310000036400000
102023051012390000360000018400000
102023051012390000470000027300000
102023051012390001930000068800000
102023051012390015990000029700000
102023051012390027050000937900000
102023051012390027090000017500000
102023051012390027100000063000000
102023051012390027130000078800000
102023051012390027160000084200000
102023051012390027170000018400000
102023051012390027180000024000000
102023051012390027190000022200000
102023051012390027200000027500000
102023051012390027210000038200000
102023051012390027220000094900000
102023051012390027230000093000000
102023051012390027250000055300000
102023051012390027270000046300000
102023051012390027280000033600000
102023051012390027300000069000000
102023051012390027310000037700000
102023051012390027330000007000000
102023051012390027340000032400000
102023051012390027350000015600000
102023051012390027360000011200000
102023051012390027390000010000000
102023051012390027410000049200000
102023051012390027420000066900000
102023051012390027430000102400000
102023051012390058440000228700000
102023051012390058910001112800000
102023051012390058920000497500000
102023051012390060050000331900000
102023051012990000060030850500018
102023051012990000070004732200002
102023051012990000260000042600000
102023051012990000270001221200000
102023051012990000310000513400000
102023051012990000370000007900000
102023051012990001130000014500000
102023051012990001540000016800000
102023051012990002700000077100000
102023051012990015960019473200010
102023051012990015990000295600000
102023051012990016220000024000000
102023051012990016290000046400000
102023051012990025050001117900000
102023051012990035370000026100000
102023051012990035400000259100000
102023051012990035520000009200000
102023051012990035540000008900000
102023051012990035560000075700000
102023051012990035580000027700000
102023051012990035600000010900000
102023051012990035670000006700000
102023051012990035730000030000000
102023051012990035760000035100000
102023051012990035850000003600000
102023051012990035910000161300000
102023051012990035920000046400000
102023051012990035930000463100000
102023051012990035940000165100000
102023051012990035960000043400000
102023051012990035970000048500000
102023051012990036000000026500000
102023051012990036020000029700000
102023051012990036040000005700000
102023051012990036110000072400000
102023051012990036120000077800000
102023051012990036140000014800000
102023051012990036150000000000000
102023051012990036170000019300000
102023051012990036210000008000000
102023051012990036220000798300000
102023051012990036240000035700000
102023051012990036250000032700000
102023051012990036270000138100000
102023051012990036290000027200000
102023051012990036300000079500000
102023051012990036310000023400000
102023051012990036330000079300000
102023051012990036340000014700000
102023051012990057740005711400001
102023051012990060050000863100000
102023051014190000060029824700011
102023051014190000070006331300001
102023051014190000260000108600000
102023051014190000270001086700000
102023051014190000300035238400015
102023051014190000310000434400000
102023051014190001130000021000000
102023051014190001540000044400000
102023051014190002700000109300000
102023051014190014690000090700000
102023051014190015990001797100000
102023051014190016290000021400000
102023051014190026020000060600000
102023051014190043770000020100000
102023051014190043790000268200000
102023051014190043820000005100000
102023051014190043830000101900000
102023051014190043850000042100000
102023051014190043860000011500000
102023051014190043870000012800000
102023051014190043880000082000000
102023051014190043900000020500000
102023051014190043940000066900000
102023051014190043970000017600000
102023051014190043980000057700000
102023051014190044020000038800000
102023051014190044040000201500000
102023051014190044130000042000000
102023051014190044140000059400000
102023051014190044150000053400000
102023051014190044210000184600000
102023051014190044220000019900000
102023051014190044240000077800000
102023051014190044290000013400000
102023051014190044320000042700000
102023051014190044380000037100000
102023051014190044400000043100000
102023051014190044410000033300000
102023051014190044430000119200000
102023051014190044460000119800000
102023051014190044490000087300000
102023051014190044500000079500000
102023051014190044520000066000000
102023051014190044540000243200000
102023051014190044600000221000000
102023051014190044650000083900000
102023051014190044660000060500000
102023051014190044670000103700000
102023051014190044700000252200000
102023051014190044720000076300000
102023051014190044750000006400000
102023051014190044760000040100000
102023051014190044770000128400000
102023051014190044790000009800000
102023051014190044800000102700000
102023051014190044820000029000000
102023051014190044830000096900000
102023051014190044850000091100000
102023051014190044870000009300000
102023051014190044880000337100000
102023051014190044910000152100000
102023051014190044930000055100000
102023051014190044940000027800000
102023051014190044950000002900000
102023051014190044970000026800000
102023051014190044980000041000000
102023051014190045000000056400000
102023051014190045050000043800000
102023051014190045060000008200000
102023051014190057740011078500004
102023051014190060050001195000000
102023051022290000060004099800013
102023051022290000070000597900000
102023051022290000300003915500012
102023051022290002700000017900000
102023051022290003250000199500000
102023051022290014620000105500000
102023051022290026600000469600000
102023051022290026610000609700000
102023051022290026640000116600000
102023051022290026660000006800000
102023051022290026680000326000000
102023051022290026690000005500000
102023051022290026710000014800000
102023051022290026720000084400000
102023051022290026750000003500000
102023051022290026780000015500000
102023051022290026800000020000000
102023051022290026830000008400000
102023051022290026850000016900000
102023051022290026860000008400000
102023051022290026880000005300000
102023051022290026890000087100000
102023051022290026910000020500000
102023051022290026920000017800000
102023051022290026930000015800000
102023051022290026940000006100000
102023051022290026990000003800000
102023051022290027000000004600000
102023051022290027020000005300000
102023051022290058870000299800000
102023051022290060590000026100000
102023051022290060730000057400000
102023051024490000060002757800011
102023051024490000070000339200000
102023051024490000300002019900008
102023051024490003250000042200000
102023051024490014690000002300000
102023051024490026600000167100000
102023051024490026610000764500002
102023051024490026680000052600000
102023051024490026890000007900000
102023051024490049380000002400000
102023051024490049410000011600000
102023051024490049420000007900000
102023051024490049440000003000000
102023051024490060590001014200004
102023051024490060710000313900000
102023051025090000060017695400011
102023051025090000070004977300002
102023051025090000260000060100000
102023051025090000300014112600012
102023051025090002700000164200000
102023051025090003250001569000000
102023051025090008260000018800000
102023051025090014690000069900000
102023051025090026600002381800001
102023051025090026610000640400000
102023051025090026680001222200000
102023051025090026720000262000000
102023051025090026890000025400000
102023051025090054200000036800000
102023051025090054210000096700000
102023051025090054230000032400000
102023051025090054250000001300000
102023051025090054260000011700000
102023051025090054290000004300000
102023051025090054320000005500000
102023051025090054340000063900000
102023051025090054350000001600000
102023051025090054360000093700000
102023051025090054370000134400000
102023051025090054380000003800000
102023051025090054390000038200000
102023051025090054400000004400000
102023051025090054420000015700000
102023051025090054430000039800000
102023051025090054440000073200000
102023051025090054460000013400000
102023051025090054480000003500000
102023051025090054490000012100000
102023051025090054500000010100000
102023051025090054510000023100000
102023051025090054520000024800000
102023051025090054530000007800000
102023051025090054550000003500000
102023051025090054560000003600000
102023051025090054580000005100000
102023051025090054590000003300000
102023051025090054600000001100000
102023051025090054610000002500000
102023051025090054620000008700000
102023051025090054630000210400000
102023051025090054650000035600000
102023051025090059840002445100001
102023051025090060590000966900000
102023051070290000060008248600010
102023051070290000070002109100002
102023051070290000270000359800000
102023051070290000300008323100013
102023051070290000360000062800000
102023051070290000370000042800000
102023051070290000380000023900000
102023051070290000400000186900000
102023051070290000470000005500000
102023051070290000520000019200000
102023051070290000550000036300000
102023051070290000650000015200000
102023051070290000660000011600000
102023051070290000690000011700000
102023051070290000700000000600000
102023051070290000730000047000000
102023051070290000750000062500000
102023051070290000760000018500000
102023051070290000770000012000000
102023051070290000780000005900000
102023051070290000800000090100000
102023051070290000810000172700000
102023051070290000820000010200000
102023051070290003690000793700000
102023051071390000060010736900011
102023051071390000070002388900002
102023051071390000270000258500000
102023051071390000300011193100012
102023051071390000360000104400000
102023051071390000400000147700000
102023051071390001930000064900000
102023051071390003690000812900000
102023051071390017380000028700000
102023051071390017390000040700000
102023051071390017400000203200000
102023051071390017410000015500000
102023051071390017420000031700000
102023051071390017440000066100000
102023051071390017470000017400000
102023051071390017510000043800000
102023051071390017520000006600000
102023051071390017530000131300000
102023051071390017550000044700000
102023051071390017580000023900000
102023051071390017590000089000000
102023051071390017620000021400000
102023051071390017630000037900000
102023051071690000060004540400012
102023051071690000070000498700000
102023051071690000270000089500000
102023051071690000300004936900013
102023051071690000370000065600000
102023051071690003690000507700000
102023051071690014620000010400000
102023051071690019070000002000000
102023051071690019080000014700000
102023051071690019090000002300000
102023051071690019100000160800000
102023051071690019110000008800000
102023051071690019120000002200000
102023051071690019130000004500000
102023051071690019140000001200000
102023051071690019150000008000000
102023051071690019170000224400000
102023051071690019190000004700000
102023051071690019200000002400000
102023051071690019250000009500000
102023051071690019260000023100000
102023051071690019270000000900000
102023051071690019280000011500000
102023051071690019290000000300000
102023051071990000060004080100009
102023051071990000070001539400002
102023051071990000270000144700000
102023051071990000300005400200014
102023051071990000310000030400000
102023051071990000360000008900000
102023051071990000400000017000000
102023051071990001130000012900000
102023051071990001540000143300000
102023051071990003690000575000000
102023051071990005050000004200000
102023051071990024940000016800000
102023051071990024980000003700000
102023051071990025010000254300000
102023051071990025020000000400000
102023051071990025030000001900000
102023051071990025040000038800000
102023051071990025050000000300000
102023051071990025140000024900000
102023051071990025150000067900000
102023051071990025160000004600000
102023051071990025170000002800000
102023051071990025190000079400000
102023051071990025210000218500000
102023051071990025240000006000000
102023051071990025250000018100000
102023051071990025270000003200000
102023051071990025290000012200000
102023051071990025300000000700000
102023051071990025330000001100000
102023051071990025350000010200000
102023051071990025360000004200000
102023051071990025370000002900000
102023051071990025380000011300000
102023051071990025400000002100000
102023051071990025420000000700000
102023051071990025460000010700000
102023051071990025470000077800000
102023051071990025480000003600000
102023051071990025490000010600000
102023051071990025500000003200000
102023051071990025520000022200000
102023051071990025530000025700000
102023051071990025540000008400000
102023051071990060680000140900000
102023051074590000060014526400013
102023051074590000070003443700001
102023051074590000270000329000000
102023051074590000300014941900013
102023051074590000330000027900000
102023051074590000360000104200000
102023051074590000400000121000000
102023051074590001130000007000000
102023051074590001540000004200000
102023051074590002660000116500000
102023051074590003690001572600000
102023051074590033010000000700000
102023051074590049490000174700000
102023051074590049530000009400000
102023051074590049550000055800000
102023051074590049590000032100000
102023051074590049600000011100000
102023051074590049620000009000000
102023051074590049640000031700000
102023051074590049650000011600000
102023051074590049660000023500000
102023051074590049700000011200000
102023051074590049720000085200000
102023051074590049730000005200000
102023051074590049770000005800000
102023051074590049780000004700000
102023051074590049790000005000000
102023051074590049820000002500000
102023051074590049830000009800000
102023051074590049840000001200000
102023051074590049850000024800000
102023051074590049870000049500000
102023051074590049880000052800000
102023051074590049910000198600000
102023051074590049920000016300000
102023051074590049950000042000000
102023051074590049970000026300000
102023051074590049980000048100000
102023051074590050010000078600000
102023051080590000060004015600013
102023051080590000070000525800001
102023051080590000270000068300000
102023051080590000300001922400006
102023051080590000400000047600000
102023051080590001130000001600000
102023051080590001460000000200000
102023051080590003220001744300005
102023051080590003230000015400000
102023051080590003240000356200000
102023051080590003250000013900000
102023051080590003270000140700000
102023051080590003290000003600000
102023051080590003300000002800000
102023051080590003310000017200000
102023051080590003320000003700000
102023051080590003330000002100000
102023051080590003340000002100000
102023051080590003350000013500000
102023051080590003360000157000000
102023051080590003370000002400000
102023051080590003380000005100000
102023051080590003390000021000000
102023051080590003400000002200000
102023051080590003410000002600000
102023051080590003420000008400000
102023051080590003430000001900000
102023051080590003440000005700000
102023051080590003450000002500000
102023051080590003460000000600000
102023051080590003470000006100000
102023051080990000010000020700000
102023051080990000020000017800000
102023051080990000060006378800013
102023051080990000070001623600002
102023051080990000270000551600000
102023051080990000300005551600009
102023051080990000400000012200000
102023051080990001050000106300000
102023051080990002700000029300000
102023051080990003360000230900000
102023051080990014500000243800000
102023051080990014510000003800000
102023051080990014520000002700000
102023051080990014540000411800001
102023051080990014550000613200000
102023051080990014570000007200000
102023051080990014580000004700000
102023051080990014590000001400000
102023051080990014610000623800000
102023051080990014620000059400000
102023051080990014630000009200000
102023051080990014640000006100000
102023051080990014650000019500000
102023051080990014670000001800000
102023051080990014690000023900000
102023051080990014700000021100000
102023051080990014710000336500000
102023051080990014730000002800000
102023051080990014760000012200000
102023051080990014770000004100000
102023051080990014790000011900000
102023051080990014800000004300000
102023051080990014820000019300000
102023051080990014840000014200000
102023051080990014850000001600000
102023051080990014870000004900000
102023051080990014880000004300000
102023051080990014890000009700000
102023051080990014900000008100000
102023051080990014910000033600000
102023051080990014920000003400000
102023051080990014930000009000000
102023051080990014960000015700000
102023051080990014970000059700000
102023051080990014990000004900000
102023051080990015000000007900000
102023051080990015020000037600000
102023051080990015060000004400000
102023051080990015070000000800000
102023051080990015080000037700000
102023051080990015100000014900000
102023051080990015110000000800000
102023051080990015120000016300000
102023051080990015130000006000000
102023051080990015160000015300000
102023051080990015170000083900000
102023051080990015180000019000000
102023051080990015200000005700000
102023051080990015210000002400000
102023051080990015220000029300000
102023051080990015230000013700000
102023051080990015240000006500000
102023051080990015250000043700000
102023051082490000060008190100011
102023051082490000070001403700001
102023051082490000270000321700000
102023051082490000300008228700010
102023051082490000400000002200000
102023051082490001130000003600000
102023051082490002660000075600000
102023051082490003250000144000000
102023051082490003360000195500000
102023051082490014550000386800000
102023051082490014690000021000000
102023051082490014700000040900000
102023051082490017120000027500000
102023051082490027440003446900003
102023051082490027450000039000000
102023051082490027470000525500000
102023051082490027500000052900000
102023051082490027510000011200000
102023051082490027520000007500000
102023051082490027530000019000000
102023051082490027570000018300000
102023051082490027580000018900000
102023051082490027590000002500000
102023051082490027600000000200000
102023051082490027610000080200000
102023051082490027620000001600000
102023051082490027630000098800000
102023051082490027650000001000000
102023051082490027680000000000000
102023051082490027690000020900000
102023051082490027700000017700000
102023051082490027710000141500000
102023051082490027720000002900000
102023051082490027730000017500000
102023051082490027750000018600000
102023051082490027760000025400000
102023051082490027770000008700000
102023051082490027780000024200000
102023051082490027790000011800000
102023051082490027810000011100000
102023051082490027820000003300000
102023051082490027830000012400000
102023051082490027850000008400000
102023051082490027860000027300000
102023051082490027870000004200000
102023051082490027880000005600000
102023051082490027890000009400000
102023051082490027900000059800000
102023051082490027910000053100000
102023051082490027930000005500000
102023051082490060770000211200000
102023051083490000060003739900014
102023051083490000070000644200001
102023051083490000260000020300000
102023051083490000270000254500000
102023051083490000300003015900008
102023051083490000400000032300000
102023051083490002660000032600000
102023051083490003360000350400001
102023051083490017510000024200000
102023051083490040900000005900000
102023051083490040910000011900000
102023051083490040920000107900000
102023051083490040960000013900000
102023051083490040970000001100000
102023051083490040980000005400000
102023051083490040990000008900000
102023051083490041000000061300000
102023051083490041010000002300000
102023051083490041020000004000000
102023051083490041030000004800000
102023051083490041040000417700001
102023051083490041050000002400000
102023051083490041060000006100000
102023051083490041070000006400000
102023051083490041080000001300000
102023051083490041090000003200000
102023051083490041100000016000000
102023051083490041110000004500000
102023051083490041120000001100000
102023051083490041130000002300000
102023051083490041140000001500000
102023051083490041150000004900000
102023051083790000060008625800015
102023051083790000070001323000001
102023051083790000270000714500000
102023051083790000300005462500009
102023051083790000400000112100000
102023051083790001130000004800000
102023051083790001540000023000000
102023051083790002660000056800000
102023051083790003250000016600000
102023051083790014550000362200000
102023051083790014690000014400000
102023051083790027440000120800000
102023051083790027530000012100000
102023051083790034490000003100000
102023051083790042340000103900000
102023051083790042350000004800000
102023051083790042360000000500000
102023051083790042370000016000000
102023051083790042380000033700000
102023051083790042390000035800000
102023051083790042410000002200000
102023051083790042420000016900000
102023051083790042430000010200000
102023051083790042440000009900000
102023051083790042450000021300000
102023051083790042460000002800000
102023051083790042470000009500000
102023051083790042480000025400000
102023051083790042490000057900000
102023051083790042500000074600000
102023051083790042510000092500000
102023051083790042520000048500000
102023051083790042530000021600000
102023051083790042540000020800000
102023051083790042550000004800000
102023051083790042560000032000000
102023051084090000060003879500015
102023051084090000070000516400001
102023051084090000270000214700000
102023051084090000300002483300008
102023051084090000400000385000001
102023051084090003250000153200000
102023051084090033010000006500000
102023051084090043350000004600000
102023051084090043360000000900000
102023051084090043370000002500000
102023051084090043380000001500000
102023051084090043390000002900000
102023051084090043400000007300000
102023051084090043410000030700000
102023051084090043420000027400000
102023051084090043430000007400000
102023051084090043440000027400000
102023051084090043450000030400000
102023051084090043460000008400000
102023051084090043470000009300000
102023051084090043480000019400000
102023051084090043490000002300000
102023051084090043500000001300000
102023051084090043510000008300000
102023051084090043520000004000000
102023051084090043530000003800000
102023051084090043540000017600000
102023051084090043550000006400000
102023051084090043560000003400000
102023051084090043570000002100000
102023051084090043580000003200000
102023051084090043590000003200000
102023051084090043600000000700000
102023051084090043610000035700000
102023051084090043620000014500000
102023051084090043630000001600000
102023051084090043640000054200000
102023051084090043660000003400000
102023051084090043670000013700000
102023051084090043680000005500000
102023051084090043690000007700000
102023051084090043700000003700000
102023051084090043710000000600000
102023051084090043720000001300000
102023051084090043730000003500000
102023051084090043740000017300000
102023051084090043750000008200000
102023051084290000060001893000013
102023051084290000070000297600001
102023051084290000270000060400000
102023051084290000300001980100011
102023051084290000400000069800000
102023051084290003250000095200000
102023051084290014550000015400000
102023051084290045070000001500000
102023051084290045080000003500000
102023051084290045090000000700000
102023051084290045100000002400000
102023051084290045110000003400000
102023051084290045120000014900000
102023051084290045130000004500000
102023051084290045140000001200000
102023051084290045150000002100000
102023051084290045170000002100000
102023051084290045180000005000000
102023051084290045190000001900000
102023051084290045200000002500000
102023051084290045210000009100000
102023051084290045220000012100000
102023051084290045230000009100000
102023051084290045240000001700000
102023051084290045250000002200000
102023051084290045260000002100000
102023051084290045270000000000000
102023051084290045280000000500000
102023051084290045290000001300000
102023051084290045300000001800000
102023051084290045310000001200000
102023051084790000060011030200014
102023051084790000070002836700002
102023051084790000260000017400000
102023051084790000270000519300000
102023051084790000300009250600010
102023051084790000310000073700000
102023051084790000400000078700000
102023051084790001050000021900000
102023051084790001130000014500000
102023051084790002660000102400000
102023051084790002700000027000000
102023051084790003250000020500000
102023051084790014690000025300000
102023051084790017120000141500000
102023051084790017510000075600000
102023051084790033010000022300000
102023051084790053060000170900000
102023051084790053070000410900000
102023051084790053100000011900000
102023051084790053120000005800000
102023051084790053130000009100000
102023051084790053170000285800000
102023051084790053200000162800000
102023051084790053210000112800000
102023051084790053240000123600000
102023051084790053250000005300000
102023051084790053270000030600000
102023051084790053290000069600000
102023051084790053300000011600000
102023051084790053310000007100000
102023051084790053320000005800000
102023051084790053330000015900000
102023051084790053340000003300000
102023051084790053360000002900000
102023051084790053420000005500000
102023051084790053440000041800000
102023051084790053450000029600000
102023051084790053460000039900000
102023051084790053470000003000000
102023051084790053500000007200000
102023051084790053510000007000000
102023051084790053520000003800000
102023051084790053550000015800000
102023051084790053560000017700000
102023051084790060720002002700001
102023051084990000060004090600013
102023051084990000070000467600001
102023051084990000270000035500000
102023051084990000300002299200007
102023051084990000400001204300003
102023051084990003250000008700000
102023051084990027440000107300000
102023051084990027530000008600000
102023051084990034490000233000000
102023051084990053510000181900000
102023051084990054010000773100001
102023051084990054030000008000000
102023051084990054040000010300000
102023051084990054050000007400000
102023051084990054060000003900000
102023051084990054070000008800000
102023051084990054080000008400000
102023051084990054090000010800000
102023051084990054100000008000000
102023051084990054110000004400000
102023051084990054120000014700000
102023051084990054130000013400000
102023051084990054140000003700000
102023051084990054150000005700000
102023051084990054160000094600000
102023051084990054170000005100000
102023051090890000070012024600001
102023051090890000330000027600000
102023051090890000360000012300000
102023051090890001050000088800000
102023051090890001930000112100000
102023051090890005250021152500004
102023051090890005260000014200000
102023051090890005300002757100000
102023051090890005310000026800000
102023051090890005380000130800000
102023051090890005390000009800000
102023051090890005490000074100000
102023051090890005500000137000000
102023051090890005520002740200000
102023051090890005530000040500000
102023051090890005550003109100000
102023051090890005580000075600000
102023051090890005700000317200000
102023051090890005730000022000000
102023051090890005740000005100000
102023051090890005780000053600000
102023051090890005800000053800000
102023051090890005820000719600000
102023051090890005880001040300000
102023051090890005890000015300000
102023051090890005900000139400000
102023051090890005910000036800000
102023051090890005920000074600000
102023051090890005930000225800000
102023051090890005940000142100000
102023051090890005950000020700000
102023051090890005960000170300000
102023051090890005970000094200000
102023051090890005980000093300000
102023051090890005990000031300000
102023051090890006000000022900000
102023051090890006070000084000000
102023051090890006130000056200000
102023051090890006190000010100000
102023051090890006230000013000000
102023051090890006280000043800000
102023051090890006290000022000000
102023051090890006350000031200000
102023051090890006490000025000000
102023051090890006570000034500000
102023051090890006600000113100000
102023051090890006910000083500000
102023051090890006960000271400000
102023051090890006970000039200000
102023051090890007030000018400000
102023051090890007100000037600000
102023051090890007120000021800000
102023051090890007150000037400000
102023051090890007220000093500000
102023051090890007230000009100000
102023051090890007290000037300000
102023051090890007320000046700000
102023051090890007370000015100000
102023051090890007400000066100000
102023051090890007540000022400000
102023051090890007560000016900000
102023051090890007640000012100000
102023051090890007690000040800000
102023051090890007840000122300000
102023051090890007950000186200000
102023051090890008050000151900000
102023051090890008150000027500000
102023051090890008190000048500000
102023051090890008210000036200000
102023051090890008230000083300000
102023051090890008250000176100000
102023051090890008260000014000000
102023051090890008270000035200000
102023051090890008440000039000000
102023051090890008540000014200000
102023051090890008580000035700000
102023051090890008790000026100000
102023051090890008800000170700000
102023051090890008850000146300000
102023051090890009020000050600000
102023051090890009080000104100000
102023051090890009120000090800000
102023051090890009230057259800017
102023051090890009300000024100000
102023051090890009340000055500000
102023051090890009370000095700000
102023051090890009530000007200000
102023051090890009560000019500000
102023051090890009630000077200000
102023051090890009710000045400000
102023051090890009810000059600000
102023051090890009850000007500000
102023051090890009910000037000000
102023051090890009930000039000000
102023051090890009990000087700000
102023051090890010080000009600000
102023051090890010160000045400000
102023051090890010260000190300000
102023051090890010300000003200000
102023051090890010310000041100000
102023051090890010460000024100000
102023051090890010480000003200000
102023051090890010490000063400000
102023051090890010500000365100000
102023051090890010530000019600000
102023051090890010540000048600000
102023051090890010600000024100000
102023051090890010610000034500000
102023051090890010640000214600000
102023051090890010730000093900000
102023051090890010820000004000000
102023051090890010870000095100000
102023051090890011030000071000000
102023051090890011070000042700000
102023051090890011080000055900000
102023051090890011100000072500000
102023051090890011140000125600000
102023051090890011210000050200000
102023051090890011270000025300000
102023051090890011290000036500000
102023051090890011320000050100000
102023051090890011360000011200000
102023051090890011390000035600000
102023051090890011400000039400000
102023051090890011430000210000000
102023051090890011460000118200000
102023051090890011470000101200000
102023051090890011490000022900000
102023051090890011500000149600000
102023051090890011550000235800000
102023051090890011670000050100000
102023051090890011740000144100000
102023051090890011770000195700000
102023051090890011810000023300000
102023051090890011840000021200000
102023051090890011880000007500000
102023051090890011920000029800000
102023051090890011990000041900000
102023051090890012130000035200000
102023051090890012160000038600000
102023051090890012270000021800000
102023051090890012340000003700000
102023051090890012360000003200000
102023051090890012390000004200000
102023051090890012450000031800000
102023051090890012520000024100000
102023051090890012530000022700000
102023051090890012560000216000000
102023051090890012600000257700000
102023051090890012660000146600000
102023051090890012720000005800000
102023051090890012740000012500000
102023051090890012770035706600012
102023051090890012930000012600000
102023051090890012970000064900000
102023051090890013030000029000000
102023051090890013070000042500000
102023051090890013090000006600000
102023051090890013100000007200000
102023051090890013160000058400000
102023051090890013170000024700000
102023051090890013240000008300000
102023051090890013250000024100000
102023051090890013290000066600000
102023051090890013310000121200000
102023051090890013350000025800000
102023051090890013360000003500000
102023051090890013390000004600000
102023051090890013440000018400000
102023051090890013540002673200001
102023051090890013630000080500000
102023051090890013640000202600000
102023051090890013690000087200000
102023051090890013710000025600000
102023051090890013780000020500000
102023051090890013850000080000000
102023051090890013870000025300000
102023051090890013890000023100000
102023051090890013960000073200000
102023051090890013980000016600000
102023051090890013990000028700000
102023051090890014130000076700000
102023051090890014170000095600000
102023051090890014220000009900000
102023051090890014330000247800000
102023051090890014350000094300000
102023051090890014400000083500000
102023051090890014410000104400000
102023051090890047490000144800000
102023051090890057820024378500005
102023051090890057830033244800011
102023051090890058030000251000000
102023051090890058100000124300000
102023051090890060600009355500000
102023051090890060660000607700000
102023051091790000070000795300000
102023051091790005250000718600000
102023051091790005300000065000000
102023051091790005520000655100000
102023051091790005550000158300000
102023051091790005700000015800000
102023051091790005950000000300000
102023051091790005960000025900000
102023051091790008210000020600000
102023051091790008580000140100000
102023051091790009230004005900005
102023051091790012770008128600010
102023051091790019330000010700000
102023051091790019400000007000000
102023051091790019470000015300000
102023051091790019780000008100000
102023051091790019790000079200000
102023051091790020020000029900000
102023051091790020400000024000000
102023051091790020410000038700000
102023051091790020790000026800000
102023051091790020890000015100000
102023051091790021060000013300000
102023051091790021110000006900000
102023051091790021190000017000000
102023051091790021200000006000000
102023051091790021370000043100000
102023051091790021380000019100000
102023051091790021470000005500000
102023051091790021600000010900000
102023051091790021630000025400000
102023051091790021720000085300000
102023051091790021800000024700000
102023051091790021830000004700000
102023051091790021870000004800000
102023051091790022030000070900000
102023051091790022090000010500000
102023051091790022220000087300000
102023051091790022250000044000000
102023051091790022550000009100000
102023051091790022560000007900000
102023051091790022940000007200000
102023051091790023040000012800000
102023051091790023330000018900000
102023051091790023440000119100000
102023051091790023480000028200000
102023051091790023770000009400000
102023051091790023850000031700000
102023051091790023900000028200000
102023051091790024040000002000000
102023051091790047490000052000000
102023051091790057820000723100000
102023051091790057830006478800008
102023051091790058030000223400000
102023051091790058100000162600000
102023051091790060600002380700002
102023051091790060640000809100001
102023051091790060650001279900001
102023051092590000070000504000000
102023051092590005250001044400002
102023051092590005300000052700000
102023051092590005310000016600000
102023051092590005520000825600001
102023051092590005550000082700000
102023051092590005700000001100000
102023051092590005960000034500000
102023051092590008580000004800000
102023051092590009230003110400004
102023051092590012770004772500010
102023051092590028180000084700000
102023051092590028240000055800000
102023051092590028410000003000000
102023051092590028420000146200000
102023051092590028480000002700000
102023051092590028560000078300000
102023051092590028680000014600000
102023051092590028770000007500000
102023051092590028910000028300000
102023051092590029050000021800000
102023051092590029060000001200000
102023051092590029550000028700000
102023051092590029620000155200000
102023051092590030650000008100000
102023051092590030810000013600000
102023051092590030830000041300000
102023051092590031400000027900000
102023051092590031700000010400000
102023051092590031990000036300000
102023051092590032130000017500000
102023051092590032330000028500000
102023051092590047490000054700000
102023051092590057820000331700000
102023051092590057830004854600008
102023051092590060600000632000000
102023051094390000070001678200001
102023051094390005250001787500001
102023051094390005300000377100000
102023051094390005520001306700000
102023051094390005550000306100000
102023051094390005700000018300000
102023051094390005900000025100000
102023051094390005960000023200000
102023051094390005970000017900000
102023051094390009230007007600008
102023051094390011270000032000000
102023051094390012770006779500008
102023051094390029620000093600000
102023051094390045400000163800000
102023051094390045590000103100000
102023051094390045600000018400000
102023051094390045660000083200000
102023051094390045670000006700000
102023051094390045900000034200000
102023051094390046000000003000000
102023051094390046060000002800000
102023051094390046070000003300000
102023051094390046090000006300000
102023051094390046120000100300000
102023051094390046150000270700000
102023051094390046160000047800000
102023051094390046240000012200000
102023051094390046290000060600000
102023051094390046300000030400000
102023051094390046350000039000000
102023051094390046380000004500000
102023051094390046390000003000000
102023051094390046470000053500000
102023051094390046860000015700000
102023051094390047260000004900000
102023051094390047270000041100000
102023051094390047420000015900000
102023051094390047490000397100000
102023051094390047560000006000000
102023051094390047640000128300000
102023051094390047790000021200000
102023051094390047840000013200000
102023051094390047870000071300000
102023051094390047910000020500000
102023051094390048020000132300000
102023051094390048050000022700000
102023051094390048110000048100000
102023051094390048200000042200000
102023051094390048440000037500000
102023051094390048530000051300000
102023051094390048550000039300000
102023051094390048720000076300000
102023051094390048750000015500000
102023051094390048990000003500000
102023051094390049140000041600000
102023051094390049160000007400000
102023051094390057820001240600000
102023051094390057830007477900009
102023051094390058030000003700000
102023051094390058100000142700000
102023051094390060600001017000000
102023051100690000060014058500011
102023051100690000070001431900000
102023051100690000270000638900000
102023051100690000300016502500016
102023051100690000360000017100000
102023051100690000400000010100000
102023051100690003480000607200000
102023051100690003490000039400000
102023051100690003520000024100000
102023051100690003530000137300000
102023051100690003540000149200000
102023051100690003550000035600000
102023051100690003570000047100000
102023051100690003590000146800000
102023051100690003600000085400000
102023051100690003660000047400000
102023051100690003690001580700000
102023051100690003740000045400000
102023051100690003770000662100000
102023051100690003790000034100000
102023051100690003820000024300000
102023051100690003850000040800000
102023051100690003920000051300000
102023051100690003930000027200000
102023051100690003960000210300000
102023051100690003990000196900000
102023051100690004010000017800000
102023051100690004020000014600000
102023051100690004060000038500000
102023051100690004070000064900000
102023051100690004110000011300000
102023051100690004140000047900000
102023051100690004170000152700000
102023051100690004200000080900000
102023051100690015290000161400000
102023051101090000060009112400010
102023051101090000070001117100000
102023051101090000270000271400000
102023051101090000300009260400015
102023051101090000360000022500000
102023051101090000400000009400000
102023051101090001930000011300000
102023051101090003480000246700000
102023051101090003490000052400000
102023051101090003520000089500000
102023051101090003690000971000000
102023051101090015280000278300000
102023051101090015290000487300000
102023051101090015300000172700000
102023051101090015310000036400000
102023051101090015420000028500000
102023051101090015430000008400000
102023051101090015440000010000000
102023051101090015450000032000000
102023051101090015500000044900000
102023051101090015510000016600000
102023051101090015530000027100000
102023051101090015540000003700000
102023051101090015630000157000000
102023051101090015690000090000000
102023051101090015840000001500000
102023051101090015850000009900000
102023051101090015860000017400000
102023051101090015890000063100000
102023051101090015900000042500000
102023051101090015920000012300000
102023051111590000060021556900014
102023051111590000070001092000000
102023051111590000270000064900000
102023051111590000310000105500000
102023051111590000360000086400000
102023051111590001930000105200000
102023051111590002700000040700000
102023051111590003250000062500000
102023051111590014550000495700000
102023051111590017120000009400000
102023051111590018390010198500006
102023051111590018400015396200010
102023051111590018410000205500000
102023051111590018420000029600000
102023051111590018430001931900001
102023051111590018440000111400000
102023051111590018450000082700000
102023051111590018460000047900000
102023051111590018470000059300000
102023051111590018490000073900000
102023051111590018500000027800000
102023051111590018510000001600000
102023051111590018520000338000000
102023051111590018530000033500000
102023051111590018540000033700000
102023051111590018550000021300000
102023051111590018560000013900000
102023051111590018570000044700000
102023051111590018580000009200000
102023051111590018590000010400000
102023051111590018600000562800000
102023051111590018620000043200000
102023051111590018630000027500000
102023051111590018640000111500000
102023051111590018650000029500000
102023051111590018660000290600000
102023051111590018690000029000000
102023051111590018700000003200000
102023051111590018710000183000000
102023051111590018720000067500000
102023051111590018730000036700000
102023051111590018740000723500000
102023051111590018750000030600000
102023051111590018760000112300000
102023051111590018770000099200000
102023051111590018780000007800000
102023051111590018790000020400000
102023051111590018800000055300000
102023051111590018810000025200000
102023051111590018820000119500000
102023051111590018830000049500000
102023051111590018840000121400000
102023051111590018850000164300000
102023051111590018860000043800000
102023051111590018870000181000000
102023051111590018880000042900000
102023051111590018890000279400000
102023051111590018900000272200000
102023051111590018910000166600000
102023051111590018920000017800000
102023051111590018940000102300000
102023051111590018950000444600000
102023051111590018960000009100000
102023051111590018970000135400000
102023051111590018990000071300000
102023051111590019000000028900000
102023051111590019010000059600000
102023051111590019020000008900000
102023051112790000060008568300012
102023051112790000070000149500000
102023051112790000270000169100000
102023051112790000360000016000000
102023051112790001930000020000000
102023051112790014550000071300000
102023051112790018390003050200003
102023051112790018400005566500010
102023051112790018850000042900000
102023051112790032660000035300000
102023051112790032690000021200000
102023051112790032710000021000000
102023051112790032760000051000000
102023051112790032770000007100000
102023051112790032780000019500000
102023051112790032790000016100000
102023051112790032810000060400000
102023051112790032820000009400000
102023051112790032840000031200000
102023051112790032860000029600000
102023051112790032870000005700000
102023051112790032880000014900000
102023051112790032900000159900000
102023051112790032910000103200000
102023051112790032920000028400000
102023051112790060580000228500000
102023051112790060690000458100000
102023051113290000060007169600012
102023051113290000070000197400000
102023051113290000270000023300000
102023051113290001540000028100000
102023051113290001930000011300000
102023051113290017120000022900000
102023051113290018390002721700003
102023051113290018400004369600007
102023051113290018410000246900000
102023051113290018550000033700000
102023051113290018850000040800000
102023051113290039520000007400000
102023051113290039530000008500000
102023051113290039540000026900000
102023051113290039550001934900003
102023051113290039560000005900000
102023051113290039570000004300000
102023051113290039580000005900000
102023051113290039590000014000000
102023051113290039600000015000000
102023051113290039610000010700000
102023051113290039620000115100000
102023051113290039640000108400000
102023051113290039650000008500000
102023051113290039660000031300000
102023051113290039680000014800000
102023051113290039690000045800000
102023051113290039700000012600000
102023051113290039720000019900000
102023051113290039730000007600000
102023051113290039740000024600000
102023051113290039750000041400000
102023051113290039760000015300000
102023051113290039770000059900000
102023051113290039780000019300000
102023051113290039790000002200000
102023051113290060580000069800000
102023051113290060790000078400000
102023051113690000060018077800014
102023051113690000070000679200000
102023051113690000270000108200000
102023051113690000310000047900000
102023051113690000360000033500000
102023051113690001930000105800000
102023051113690003250000170100000
102023051113690014550000081500000
102023051113690018390008937400004
102023051113690018400016738700009
102023051113690018410000105300000
102023051113690018430000086300000
102023051113690018550000230600000
102023051113690018640000336400000
102023051113690032820000019700000
102023051113690032870000088900000
102023051113690041910000042700000
102023051113690041920000021200000
102023051113690041940000087000000
102023051113690041950000098000000
102023051113690041960000081300000
102023051113690041970000032700000
102023051113690041980000020400000
102023051113690041990000064600000
102023051113690042000000003100000
102023051113690042010000003200000
102023051113690042020000108100000
102023051113690042030000020200000
102023051113690042040000196400000
102023051113690042050000071300000
102023051113690042060000107700000
102023051113690042070000007300000
102023051113690042080000002500000
102023051113690042090000002700000
102023051113690042100000029400000
102023051113690042120000060800000
102023051113690042130000095400000
102023051113690042140000028500000
102023051113690042150000015100000
102023051113690042160000007600000
102023051113690042170000041200000
102023051113690042180000199800000
102023051113690042200000089800000
102023051113690042210000085800000
102023051113690042220000004500000
102023051113690042230000029000000
102023051113690042240000036700000
102023051113690042250000169000000
102023051113690042260000060300000
102023051113690042270000020300000
102023051113690042290000048100000
102023051113690042300000142500000
102023051113690042310000035600000
102023051113690042330000059900000
102023051113690060790000652300000
102023051170390000060032380200016
102023051170390000070008093900001
102023051170390000260000020200000
102023051170390000270002036900000
102023051170390000310000188200000
102023051170390000360000193800000
102023051170390000370000011200000
102023051170390000830000021000000
102023051170390000860000057100000
102023051170390000880000017900000
102023051170390000890000006400000
102023051170390000920000014300000
102023051170390000960000035000000
102023051170390000980000006800000
102023051170390001050000022200000
102023051170390001070000044800000
102023051170390001090000017000000
102023051170390001130000012000000
102023051170390001140000050900000
102023051170390001150000017300000
102023051170390001330000018700000
102023051170390001350000084800000
102023051170390001360000025500000
102023051170390001370000037100000
102023051170390001380000070000000
102023051170390001410000005700000
102023051170390001420000184400000
102023051170390001430000065900000
102023051170390001450000052800000
102023051170390001460000008200000
102023051170390001480000040700000
102023051170390001520000133600000
102023051170390001540000197600000
102023051170390001580001231900000
102023051170390001610000005500000
102023051170390001690000131700000
102023051170390001700000036200000
102023051170390001820000094100000
102023051170390001840000027400000
102023051170390001870000015900000
102023051170390001900000016300000
102023051170390001910000003400000
102023051170390001930000242200000
102023051170390001980000040800000
102023051170390002010000093900000
102023051170390002050000138200000
102023051170390002070000017900000
102023051170390002130000019300000
102023051170390002170000047400000
102023051170390002180000015800000
102023051170390002220000014200000
102023051170390002240000031900000
102023051170390002300000015900000
102023051170390002310000057600000
102023051170390002320000029100000
102023051170390002360000025800000
102023051170390002380000019600000
102023051170390002420000007400000
102023051170390002440000116900000
102023051170390002460000000000000
102023051170390002480000027800000
102023051170390002520000064600000
102023051170390002530000077500000
102023051170390002540000016400000
102023051170390002590000012700000
102023051170390003690001895200000
102023051170390016600025257100013
102023051170390057650000320600000
102023051170390057830000070200000
102023051170390060630007522500001
102023051171290000060011168000015
102023051171290000070002499900001
102023051171290000270000435900000
102023051171290000360000048300000
102023051171290000890000024700000
102023051171290001130000009500000
102023051171290001580000069300000
102023051171290001930000039200000
102023051171290003690000673900000
102023051171290016550000025200000
102023051171290016580000019500000
102023051171290016600009385400009
102023051171290016640000004500000
102023051171290016670000188300000
102023051171290016700000024800000
102023051171290016710000047400000
102023051171290016760000000800000
102023051171290016780000207500000
102023051171290016790000034900000
102023051171290016810000018300000
102023051171290016830000017600000
102023051171290016850000012100000
102023051171290016890000002000000
102023051171290016900000003500000
102023051171290016910000011800000
102023051171290016920000010400000
102023051171290016930000006100000
102023051171290016950000050500000
102023051171290016960000025700000
102023051171290016970000269300000
102023051171290017020000005100000
102023051171290017030000001600000
102023051171290017050000002500000
102023051171290017060000073300000
102023051171290017080000006400000
102023051171290017090000003400000
102023051171290017100000006100000
102023051171290017110000002800000
102023051171290017120000015100000
102023051171290017140000031800000
102023051171290017190000031600000
102023051171290017210000005600000
102023051171290017220000031500000
102023051171290017230000001500000
102023051171290017240000012700000
102023051171290017270000049600000
102023051171290017280000003700000
102023051171290017300000121100000
102023051171290017310000025800000
102023051171290057830000047300000
102023051171290060630003040800002
102023051174690000060044556300013
102023051174690000070012720400002
102023051174690000260000053800000
102023051174690000270002337100000
102023051174690000360000559800000
102023051174690000860000048700000
102023051174690000890000362700000
102023051174690001130000020800000
102023051174690001450000206400000
102023051174690001480000024900000
102023051174690001540000199100000
102023051174690001580001366400000
102023051174690001930000048400000
102023051174690001980001156300001
102023051174690002700000086700000
102023051174690003690002670800000
102023051174690004260000005900000
102023051174690005050000025500000
102023051174690016600040142400012
102023051174690023400000006300000
102023051174690050060000063200000
102023051174690050090000065400000
102023051174690050140000013900000
102023051174690050210000014500000
102023051174690050220000249600000
102023051174690050250000089600000
102023051174690050280000062400000
102023051174690050430000035300000
102023051174690050460000148300000
102023051174690050510000090600000
102023051174690050540000036700000
102023051174690050550000003700000
102023051174690050570000039100000
102023051174690050600000009100000
102023051174690050620000000800000
102023051174690050630000093800000
102023051174690050650000017300000
102023051174690050780000020100000
102023051174690050800000237200000
102023051174690050830000077300000
102023051174690050840000098800000
102023051174690050870000027300000
102023051174690050880000109400000
102023051174690050900000016300000
102023051174690050910000047400000
102023051174690050940000226800000
102023051174690050960000042300000
102023051174690050970000044100000
102023051174690050980000013100000
102023051174690051020000005700000
102023051174690051070000052900000
102023051174690051120000017500000
102023051174690051130000016900000
102023051174690051140000084200000
102023051174690051260000049500000
102023051174690051300000064500000
102023051174690051310000085000000
102023051174690051320000037700000
102023051174690051330000097700000
102023051174690051370000026100000
102023051174690051390000038500000
102023051174690051410000004000000
102023051174690051480000010900000
102023051174690051540000009900000
102023051174690051570000122700000
102023051174690051580000036700000
102023051174690051680000002500000
102023051174690051710000022900000
102023051174690051730000011700000
102023051174690051800000020000000
102023051174690051810000091600000
102023051174690051840000010700000
102023051174690051860000033100000
102023051174690051870000104200000
102023051174690051990000039700000
102023051174690052010000020000000
102023051174690052040000018700000
102023051174690052070000053500000
102023051174690052110000512600000
102023051174690052250000025300000
102023051174690052290000071100000
102023051174690052330000108000000
102023051174690052360000119500000
102023051174690052390000084200000
102023051174690052410000014500000
102023051174690052450000031800000
102023051174690052460000140900000
102023051174690052510000015400000
102023051174690052540000021800000
102023051174690052550000376200000
102023051174690052610000008400000
102023051174690052630000046600000
102023051174690052730000179800000
102023051174690052740000009600000
102023051174690052790000015600000
102023051174690052800000007200000
102023051174690052830000045900000
102023051174690052840000094700000
102023051174690052880000366900000
102023051174690052900000033200000
102023051174690052940000014000000
102023051174690052960000010100000
102023051174690052980000178300000
102023051174690052990000014700000
102023051174690053020000034700000
102023051174690053030000010700000
102023051174690057830000328700000
102023051174690060630022673800003
